0 836 832 
1 1069 832 
2 1063 832 
3 1055 832 
4 1048 832 
5 1041 832 
6 833 832 
7 1020 833 
8 1017 833 
9 1010 997 
10 1004 990 
11 998 982 
12 991 981 
13 984 837 
14 978 837 
15 972 837 
16 965 839 
17 959 839 
18 953 943 
19 947 937 
20 941 840 
21 934 840 
22 928 841 
23 922 840 
24 916 907 
25 911 833 
26 905 832 
27 899 890 
28 894 885 
29 888 879 
30 884 841 
31 879 840 
32 874 828 
33 870 824 
34 867 821 
35 864 818 
36 860 814 
37 857 809 
38 853 805 
39 849 802 
40 845 797 
41 840 793 
42 836 788 
43 831 782 
44 826 757 
45 822 748 
46 816 742 
47 811 734 
48 806 727 
49 801 721 
50 794 714 
51 789 708 
52 783 701 
53 779 694 
54 773 687 
55 767 681 
56 762 674 
57 756 667 
58 748 659 
59 742 652 
60 737 645 
61 730 637 
62 724 630 
63 716 623 
64 710 615 
65 702 608 
66 695 600 
67 687 593 
68 680 584 
69 672 577 
70 664 569 
71 657 561 
72 647 552 
73 638 544 
74 630 535 
75 621 527 
76 612 518 
77 603 509 
78 595 500 
79 585 491 
80 576 483 
81 566 473 
82 557 464 
83 547 455 
84 538 445 
85 528 436 
86 519 425 
87 507 416 
88 496 406 
89 486 397 
90 476 385 
91 467 375 
92 455 365 
93 445 354 
94 435 343 
95 426 333 
96 415 321 
97 405 311 
98 394 300 
99 384 230 
100 372 230 
101 361 230 
102 349 230 
103 336 230 
104 324 230 
105 312 224 
106 301 213 
107 289 201 
108 277 189 
109 269 178 
110 267 169 
111 268 157 
112 228 146 
113 215 135 
114 204 123 
115 191 115 
116 179 100 
117 166 88 
118 153 76 
119 140 65 
120 128 53 
121 112 40 
122 112 40 
